The answer is at (0.7543378523358106, 0.9985259428281671) 
_lambda1= 1.0169212137024375 
_lambda2= -7.596408705526322 
_lambda3= 75.11168887711726 
_lambda4= -93.58229467389336 
_lambda5= 192.36304272993647 
_lambda6= -193.20305312254098 

Marginal Hessian Matris is: 
[[ 0.00000000e+00  0.00000000e+00  0.00000000e+00  0.00000000e+00
   0.00000000e+00  0.00000000e+00  2.00000000e+01  1.50000000e+01]
 [ 0.00000000e+00  0.00000000e+00  0.00000000e+00  0.00000000e+00
   0.00000000e+00  0.00000000e+00  3.77168926e-01  1.99705189e+00]
 [ 0.00000000e+00  0.00000000e+00  0.00000000e+00  0.00000000e+00
   0.00000000e+00  0.00000000e+00  1.00000000e+00  0.00000000e+00]
 [ 0.00000000e+00  0.00000000e+00  0.00000000e+00  0.00000000e+00
   0.00000000e+00  0.00000000e+00  1.00000000e+00  0.00000000e+00]
 [ 0.00000000e+00  0.00000000e+00  0.00000000e+00  0.00000000e+00
   0.00000000e+00  0.00000000e+00  0.00000000e+00  1.00000000e+00]
 [ 0.00000000e+00  0.00000000e+00  0.00000000e+00  0.00000000e+00
   0.00000000e+00  0.00000000e+00  0.00000000e+00  1.00000000e+00]
 [ 2.00000000e+01  3.77168926e-01  1.00000000e+00  1.00000000e+00
   0.00000000e+00  0.00000000e+00  8.88175430e-16 -1.00000000e+00]
 [ 1.50000000e+01  1.99705189e+00  0.00000000e+00  0.00000000e+00
   1.00000000e+00  1.00000000e+00 -1.00000000e+00  8.45313435e-17]]
Marginal Hessian Matris determinant= 0.0
